20.124
24.65
28.1677419354839
28.791935483871
25.43
23.9008064516129
17.15
14.5258064516129
14.4
14.2910714285714
16.8758064516129
20.95
21.7677419354839
26.2083333333333
29.0112903225806
29.8774193548387
26.2793103448276
24.8193548387097
17.3683333333333
14.1157258064516
14.1564516129032
12.5785714285714
17.741935483871
19.19
24.6612903225806
25.8333333333333
32.1193548387097
29.0903225806452
25.44
21.4814516129032
19.1500378787879
17.1717741935484
16.5370967741935
14.7741379310345
16.1354838709677
18.4366666666667
21.4064516129032
27.5066666666667
29.9548387096774
28.8903225806452
27.025
22.6564516129032
16.1666666666667
14.5387096774194
13.5241935483871
15.4481481481481
18.0387096774194
20.3766666666667
23.6387096774194
28.05
30.3322580645161
29.0306451612903
26.5416666666667
23.5475806451613
18.1666666666667
14.3016129032258
14.9612903225806
13.3214285714286
