24.2370699581194
25.818337081407
26.3270014649687
25.128234341681
20.4287137937358
17.525631601955
17.2205631088043
20.0929603690783
18.8921384512701
15.4180973553796
13.3183028348317
13.6737137937358
13.1287822868865
14.6334398211331
7.91289187592759
17.6187137937358
22.5489192731879
21.8533028348317
20.0550151635988
14.5565562594892
15.7064192731879
18.0562137937358
17.269330232092
16.8803233827769
21.0798439307221
15.1788850266125
19.0291589992153
16.2036795471605
19.1767617389413
19.5524466704481
17.6768987252427
16.6779946156536
15.029432971818
16.1548439307221
16.4290905060646
18.5531658485303
23.9787137937358
26.203028862229
24.6755631088043
24.873028862229
25.1974809170235
23.6711795471605
13.6203576293522
17.1711795471605
17.6231658485303
18.5241932457906
16.7983028348317
20.0476179033248
17.596932971818
13.2976179033249
16.4500836567495
17.0767959855166
15.230837081407
19.9094672183933
20.064330232092
17.8046384512701
16.3952891362016
21.3944672183933
16.8634398211331
20.4073439307221
19.1262480403112
17.5200151635988
17.4655631088043
17.010837081407
23.3596042046947
22.3091932457906
17.0682685882564
20.6386795471605
19.1653918759276
16.8589877663386
18.4580973553797
18.8330973553797
17.5639877663386
18.3468644786673
16.805837081407
18.0118644786673
19.9161110540098
18.743028862229
19.3665905060646
20.6640562594892
20.8849466704482
20.8703918759276
20.4077548896262
19.9498439307221
20.4890562594892
18.5389192731879
20.663234341681
22.5346726978454
24.2176521499002
19.2273439307221
24.6499466704481
24.8213165334618
25.4937822868865
22.9073781772975
22.2952891362016
21.2701521499002
23.4966589992153
24.5249466704482
21.8754261225029
19.3001521499002
20.4739192731879
20.4730973553797
17.9711453005851
21.3754603690783
22.0803918759276
23.3041589992153
21.300734341681
23.5238850266125
20.9240220129139
20.6607685882564
19.7006658485303
17.6377548896262
20.0544931627686
20.4253607426773
19.1253607426773
14.7218904230426
15.7224383682481
16.8968675919924
18.1727580029513
19.8961369983851
19.3168219298919
18.2924383682481
19.3663196467869
18.1220730714444
18.0662739846864
17.8958630257823
19.7339452175631
22.2713881399376
21.5758630257823
22.1784201034079
21.3438082312618
22.2784201034079
23.1418904230426
22.738328779207
19.8632602860563
20.7880091445038
23.6145844869695
22.4444931627686
22.2755433910791
22.3747214732709
24.3446758111705
24.6494246696179
22.5505205600289
22.860931518933
19.3647671353714
21.547826496102
22.8818904230426
24.321433802038
24.6160228431339
24.040931518933
22.0869132540928
23.3012054915357
21.8625753545494
23.0621187335449
24.1448127974718
25.6955433910791
23.9312511536362
24.1686027518097
21.6706118842298
21.3381004687047
20.1061369983851
22.4012054915357
24.033534258659
22.5868219298919
21.2741735280654
24.57463014907
24.4578721582024
23.9743561764672
20.2447671353714
20.1087854002115
24.7011141673348
23.7632146239558
20.5576438477001
25.0191963591156
26.8217596633913
23.3675099747238
20.7644018385677
18.3894018385677
23.8306118842298
24.746730605691
26.0787854002115
27.3820730714444
24.2326863964755
26.6312480403112
27.5787137937358
22.4746726978454
23.1981658485303
24.3371042046947
25.7039877663386
23.781727492366
21.4596042046947
20.3613165334618
19.9407685882564
14.1615562594892
14.781727492366
16.1774124238728
19.678285711544
20.4467959855166
21.063337081407
19.3879946156536
20.4112137937358
21.1000151635988
20.7673096841468
20.3954603690783
17.3241247526399
19.028028862229
18.8316589992153
20.8562480403112
20.2104946156536
21.9128918759276
22.4411110540098
21.5175494101742
21.380528862229
20.3929603690783
19.7076521499002
20.5491247526399
22.2784398211331
23.7576863964755
21.9614535197632
20.6126179033249
20.1751863964755
19.5508028348317
19.843182971818
20.2083970129139
20.2489535197632
20.8873953005851
18.8748096841468
20.3315905060646
21.5127548896262
21.0429603690783
19.3461795471605
20.2472754375714
21.2502206430509
22.9395699581194
20.4286453005851
19.6061795471605
20.1573439307221
22.056932971818
21.2452548896262
21.4093987252427
25.0073439307221
22.5346042046947
21.9851521499002
24.5756658485303
23.9665905060646
23.1235768074345
21.8811795471605
19.605426122503
17.726727492366
22.8280973553797
20.2783713279824
18.4700494101742
24.2735425608591
23.6376179033249
20.5120699581194
20.0267617389413
18.8913165334619
18.7205631088043
19.296932971818
21.0215905060646
19.8235083142838
21.4763850266125
25.4778233827769
25.4301521499002
22.0829603690783
17.181932971818
17.9084398211331
17.5365905060646
21.0158370814071
22.2676863964756
21.2422069444208
21.3921384512701
19.821727492366
23.0687822868865
21.3899124238728
20.3858028348317
22.1326521499002
21.5054603690783
18.3291589992153
19.5782000951057
25.2272411909961
26.0276521499002
29.7426863964756
25.2310083142838
22.0922069444208
18.3547754375714
15.2047069444208
19.5552548896262
21.8299124238728
20.3316932457906
20.1560083142838
22.1817617389413
19.7297754375714
21.0275836567495
19.0272754375714
16.7272754375714
18.9773439307221
19.8533713279824
21.9555631088043
18.9115220129139
18.1131658485304
19.9276521499002
21.5400836567495
18.4667959855167
19.1689877663386
18.8688507800372
23.7587822868865
24.0261453005851
19.4026521499002
19.7800151635988
18.5079603690783
22.206932971818
24.9811110540098
25.483028862229
25.8823439307221
26.9817959855166
27.5070014649687
26.9437480403112
25.5807685882564
22.254535711544
20.4814535197632
20.406932971818
16.980631601955
14.9548096841468
19.4289192731879
14.7522754375714
19.6003576293523
22.3749466704481
21.8611795471605
19.0215562594892
18.9940220129139
22.5443644786673
23.7929261225029
25.1672411909961
27.0158713279824
23.8408713279824
24.9425836567495
23.6445014649687
20.7722754375714
20.0382685882564
21.3035083142838
21.9033028348317
22.250734341681
24.7231144786673
23.0437309170235
20.2653062594892
18.4389363964755
20.9136624238728
20.7869500951057
21.7587994101742
20.5078405060646
24.2346898211331
25.8369500951057
23.6346213279824
25.3590733827769
24.6346213279824
22.5327035197632
20.5169158485303
19.6040048896262
21.6784226978454
22.5009740677084
23.2746726978454
23.1715905060646
20.8924809170235
21.4393987252427
23.3370699581194
24.068337081407
23.1270014649687
17.228234341681
19.1287137937358
19.825631601955
20.6205631088043
16.9929603690783
16.4921384512701
21.2180973553796
19.7183028348317
15.6737137937358
17.4787822868865
20.7334398211331
18.2128918759276
17.5187137937358
19.3489192731879
18.3533028348317
19.1550151635988
23.5565562594892
23.9064192731879
19.7062137937358
17.119330232092
18.9803233827769
21.9798439307221
23.3788850266125
22.0291589992153
25.3036795471605
22.6767617389413
22.6524466704481
21.1768987252427
20.2779946156536
21.729432971818
23.3548439307221
22.1290905060646
23.8531658485303
22.0787137937358
19.703028862229
20.0755631088043
22.073028862229
18.9974809170235
18.8711795471605
20.2203576293523
16.7711795471605
19.1231658485303
14.5241932457906
17.3983028348317
19.0476179033248
20.096932971818
21.8976179033248
23.0500836567495
21.0767959855166
22.230837081407
22.3094672183933
22.564330232092
22.1546384512701
20.6952891362016
20.6944672183933
20.3634398211331
19.8073439307221
18.0262480403112
16.8200151635988
16.2655631088043
15.310837081407
18.1596042046947
24.1091932457906
20.2682685882564
21.0886795471605
20.9653918759276
23.5589877663386
20.7580973553797
18.7330973553797
18.2639877663386
20.1468644786673
21.905837081407
22.4118644786673
21.8161110540098
17.943028862229
17.7665905060646
19.8640562594892
18.4849466704482
19.1203918759276
21.0077548896262
20.4498439307221
19.7890562594892
19.1389192731879
18.763234341681
20.7346726978454
19.6176521499002
22.3273439307221
23.3499466704482
24.0713165334618
25.0937822868865
25.0073781772975
22.1952891362016
25.8701521499002
21.2966589992153
22.3249466704481
18.9754261225029
19.3001521499002
19.5739192731879
21.5730973553797
23.2711453005851
22.4754603690783
23.6803918759276
22.4041589992153
20.600734341681
24.6238850266125
25.0240220129139
26.3607685882564
24.4006658485303
21.4377548896262
21.0544931627686
20.9253607426773
21.5253607426773
24.8218904230426
23.2224383682481
22.2968675919924
21.5727580029513
23.3961369983851
22.1168219298919
22.6924383682481
22.2663196467869
20.5720730714444
21.5662739846864
21.9958630257823
22.7339452175631
24.8713881399376
23.8758630257823
20.1784201034079
21.7438082312618
21.5784201034079
22.5418904230426
20.038328779207
18.1632602860563
17.9880091445038
21.0145844869695
20.4444931627686
21.7755433910791
17.9747214732709
18.5446758111704
19.3494246696179
21.5505205600289
22.560931518933
21.3647671353714
21.797826496102
21.3818904230426
21.221433802038
21.2160228431339
23.140931518933
22.7869132540928
22.3012054915357
23.1625753545494
23.3621187335449
20.6948127974718
20.8955433910791
22.0812511536362
23.2686027518097
23.4706118842298
24.2381004687047
24.2061369983851
27.6012054915357
27.333534258659
27.2868219298919
27.4741735280654
22.57463014907
24.9578721582024
23.2743561764672
23.6447671353714
20.7087854002115
21.9011141673348
22.3632146239558
24.3576438477001
22.9191963591156
22.5217596633913
21.7675099747238
21.4144018385677
19.9144018385677
20.0806118842298
18.946730605691
22.6787854002115
22.0820730714444
18.6326863964755
16.4312480403112
16.5787137937358
20.7746726978454
19.7981658485303
17.8371042046947
17.6039877663386
18.481727492366
20.5596042046947
21.0613165334618
21.7407685882564
23.7115562594892
25.881727492366
25.8274124238728
25.778285711544
24.9467959855166
25.2633370814071
22.3879946156536
21.1112137937358
19.9500151635988
19.9673096841468
19.5954603690783
21.1241247526399
20.628028862229
19.6316589992153
19.8062480403112
19.6104946156536
20.5128918759276
17.5411110540098
21.1175494101742
19.380528862229
18.7929603690783
21.5076521499002
22.1491247526399
22.1784398211331
21.0576863964755
19.0614535197632
18.4126179033249
21.9751863964755
22.9008028348317
23.368182971818
21.6708970129139
19.6489535197632
20.9873953005851
21.4748096841468
21.4315905060646
20.6127548896262
20.7429603690783
21.0461795471605
21.1472754375714
17.2502206430509
16.6395699581194
19.9286453005851
21.2061795471605
21.4573439307221
22.656932971818
23.5452548896262
21.1093987252427
20.4073439307221
19.2346042046947
19.3851521499002
19.3756658485303
23.9665905060646
24.3235768074345
19.8811795471605
22.705426122503
23.326727492366
21.0280973553797
18.7783713279824
17.1200494101742
14.9735425608591
21.2376179033249
20.3120699581194
19.2267617389413
18.6913165334619
19.2205631088043
20.996932971818
22.9215905060646
21.9235083142838
23.6763850266125
22.0778233827769
21.4301521499002
23.1829603690783
19.481932971818
16.3084398211331
17.1365905060646
18.9158370814071
15.6676863964756
17.3422069444208
16.6921384512701
15.621727492366
16.8687822868865
19.6899124238728
19.2858028348317
20.5326521499002
17.3054603690783
21.2291589992153
21.0782000951057
19.2272411909961
21.1276521499002
17.6426863964756
22.8310083142838
22.7422069444208
20.5547754375714
21.7047069444208
19.9552548896262
20.5299124238728
19.3316932457906
22.6560083142838
24.9817617389413
26.2297754375714
22.6275836567495
25.1272754375714
25.3272754375714
24.7773439307221
26.2533713279824
16.8555631088043
20.3115220129139
21.1131658485304
23.7776521499002
20.2400836567495
22.5667959855167
24.1689877663386
27.0688507800372
24.2087822868865
22.8261453005851
22.1026521499002
20.9800151635988
21.3079603690783
16.506932971818
18.6811110540098
15.683028862229
16.6823439307221
17.7817959855166
18.3070014649687
19.2937480403112
19.4807685882564
20.954535711544
23.9814535197632
25.706932971818
26.680631601955
28.0548096841468
26.9289192731879
23.7522754375714
22.1003576293523
21.6749466704481
20.7111795471605
22.7215562594892
23.5940220129139
18.9443644786673
22.1929261225029
18.1672411909961
17.6158713279824
18.6408713279824
19.9425836567495
22.0445014649687
25.1722754375714
21.8882685882564
19.3035083142838
20.3033028348317
19.050734341681
20.5231144786673
21.8437309170235
22.7653062594892
22.8389363964755
22.8136624238728
22.0869500951057
20.8587994101742
18.3078405060646
18.9346898211331
20.6369500951057
23.4346213279824
22.6590733827769
24.2346213279824
28.0327035197632
29.5669158485303
26.2040048896262
22.2784226978454
23.3009740677084
23.4746726978454
24.1715905060646
25.3924809170235
26.7393987252427
25.0370699581194
25.618337081407
29.4270014649687
28.928234341681
25.3287137937358
21.625631601955
23.7205631088043
21.4929603690783
26.1921384512701
19.0180973553796
16.5183028348317
20.1737137937358
18.6787822868865
16.3334398211331
16.8128918759276
19.6187137937358
21.0489192731879
24.2533028348317
22.8550151635988
22.1565562594892
22.8064192731879
20.2062137937358
23.069330232092
22.2803233827769
21.6798439307221
19.9788850266125
20.3291589992153
19.1036795471605
22.4767617389413
19.5524466704481
19.2768987252427
18.7779946156536
19.929432971818
17.0548439307221
13.4290905060646
13.3531658485303
17.7787137937358
21.603028862229
20.7755631088043
20.673028862229
22.9974809170235
23.1711795471605
22.2203576293523
23.0711795471605
20.0231658485303
19.6241932457906
20.3983028348317
23.6476179033248
23.596932971818
23.0976179033249
22.1500836567495
21.9767959855166
22.130837081407
18.8094672183933
21.264330232092
25.7046384512701
26.4952891362016
28.3944672183933
28.0634398211331
22.9073439307221
21.8262480403112
24.4200151635988
20.1655631088043
18.310837081407
22.2596042046947
26.2091932457906
25.9182685882564
25.9386795471605
23.6153918759276
23.2589877663386
23.0580973553797
22.1330973553797
24.8639877663386
20.2468644786673
24.3058370814071
23.5118644786673
22.2161110540098
24.743028862229
23.8665905060646
24.9640562594892
21.9849466704482
17.5703918759276
22.1077548896262
19.9998439307221
20.0890562594892
21.5389192731879
18.363234341681
21.6346726978454
22.4676521499002
20.4273439307221
21.9499466704481
23.4713165334618
24.1937822868865
24.0573781772975
24.6952891362016
21.9701521499002
23.1966589992153
21.8249466704481
21.6754261225029
21.6001521499002
20.3739192731879
19.2730973553797
18.7711453005851
20.5754603690783
19.9803918759276
21.0041589992153
21.500734341681
20.9238850266125
19.9240220129139
19.8107685882564
19.6006658485303
20.4377548896262
22.2544931627686
22.3253607426773
21.9253607426773
19.1218904230426
18.8224383682481
15.7968675919924
15.8727580029513
14.1961369983851
16.7168219298919
18.9924383682481
20.8663196467869
21.6720730714444
22.0662739846864
20.9958630257823
21.5339452175631
21.5713881399376
21.9758630257823
23.1784201034079
20.8438082312618
21.5784201034079
20.8418904230426
23.338328779207
23.6632602860563
23.6880091445038
20.4145844869695
21.1444931627686
20.1755433910791
22.3747214732709
22.5446758111704
19.9494246696179
19.4505205600289
19.960931518933
22.3647671353714
19.997826496102
21.8318904230426
22.471433802038
21.4910228431339
19.640931518933
18.2369132540928
17.8012054915357
19.2625753545494
17.3621187335449
20.1448127974718
23.9955433910791
23.1312511536362
22.2686027518097
21.1706118842298
20.4381004687047
20.9061369983851
18.0012054915357
17.533534258659
18.6368219298919
18.7741735280654
20.27463014907
19.2078721582024
18.7743561764672
18.0447671353714
16.9087854002115
18.9011141673348
19.5632146239558
18.9576438477001
20.0191963591156
20.5058505724822
20.3095554292692
18.5144018385677
19.9144018385677
23.3306118842298
24.246730605691
22.9787854002115
23.7820730714444
24.4326863964755
22.9312480403112
22.0787137937358
21.3746726978454
21.4981658485303
22.7871042046947
20.8039877663386
22.581727492366
22.7596042046947
22.0613165334618
22.3407685882564
25.1615562594892
25.181727492366
26.3774124238728
23.653285711544
21.4967959855166
22.7633370814071
26.2879946156536
24.8112137937358
25.0500151635988
23.5673096841468
23.1954603690783
23.6241247526399
23.128028862229
24.0316589992153
23.5062480403112
22.6104946156536
21.7128918759276
21.1411110540098
22.0175494101742
22.030528862229
23.0929603690783
22.3576521499002
21.1491247526399
20.7784398211331
21.0576863964755
25.1614535197632
27.3126179033249
25.7251863964755
25.5508028348317
25.793182971818
26.4583970129139
26.7989535197632
23.9123953005851
22.2748096841468
22.2315905060646
22.1127548896262
22.3429603690783
23.3461795471605
22.9472754375714
24.6502206430509
24.1895699581194
25.0286453005851
25.1061795471605
25.0573439307221
22.356932971818
19.5952548896262
20.3093987252427
18.4073439307221
24.5346042046947
25.4851521499002
23.5256658485303
20.6665905060646
21.7235768074345
21.3811795471605
21.605426122503
24.426727492366
24.7280973553797
27.2783713279824
27.1700494101742
23.5235425608591
24.0376179033249
24.1120699581194
25.4267617389413
26.7913165334619
25.9205631088043
25.596932971818
20.5215905060646
22.2235083142838
21.8763850266125
21.7778233827769
20.4301521499002
21.1829603690783
25.881932971818
27.8084398211331
25.9365905060646
25.1158370814071
23.5676863964756
23.5422069444208
25.4921384512701
24.821727492366
22.2687822868865
22.5899124238728
23.9858028348317
22.7326521499002
25.9054603690783
23.8291589992153
22.2782000951057
17.2272411909961
16.8276521499002
17.1926863964756
15.4310083142838
20.6422069444208
24.4547754375714
25.6047069444208
23.3552548896262
21.9299124238728
24.1316932457906
20.0560083142838
17.7817617389413
14.9297754375714
19.2275836567495
19.0272754375714
22.5272754375714
23.1773439307221
23.7533713279824
24.5555631088043
19.3115220129139
18.5131658485304
14.9776521499002
18.2400836567495
16.6667959855167
15.5689877663386
14.8688507800372
20.6087822868865
19.2261453005851
19.9026521499002
20.9800151635988
22.8079603690783
22.306932971818
18.7811110540098
17.983028862229
21.0823439307221
18.1817959855166
21.9070014649687
22.2437480403112
22.7807685882564
24.304535711544
23.5814535197632
20.406932971818
21.780631601955
22.8548096841468
19.0289192731879
21.3522754375714
20.5003576293523
19.8749466704481
20.7611795471605
18.4215562594892
21.1940220129139
22.0443644786673
20.5929261225029
20.0672411909961
20.1158713279824
20.1408713279824
16.8425836567495
15.8445014649687
16.6722754375714
19.6382685882564
21.9035083142838
21.0033028348317
20.950734341681
21.4231144786673
19.1437309170235
19.0653062594892
21.8389363964755
20.8136624238728
22.3869500951057
21.7587994101742
22.5078405060646
21.4346898211331
22.0369500951057
20.2346213279824
18.6590733827769
18.0346213279824
15.8327035197632
17.0669158485303
21.0040048896262
20.2784226978454
18.1009740677084
16.4746726978454
16.7715905060646
15.0924809170235
15.1393987252427
15.3370699581194
14.018337081407
12.8270014649687
16.728234341681
18.8287137937358
20.425631601955
20.2205631088043
22.9929603690783
21.6921384512701
23.6180973553796
24.1183028348317
25.0737137937358
24.5787822868865
23.7334398211331
25.0128918759276
25.2187137937358
23.4489192731879
24.0533028348317
21.9550151635988
18.6565562594892
18.9064192731879
22.6062137937358
22.769330232092
22.4803233827769
21.7798439307221
21.1788850266125
21.0291589992153
20.6036795471605
19.4767617389413
23.4524466704481
27.8768987252427
26.9779946156536
23.429432971818
23.0548439307221
27.7290905060646
24.6531658485303
20.3787137937358
18.303028862229
19.4755631088043
20.273028862229
19.2974809170235
20.2711795471605
19.3203576293522
19.8711795471605
19.2231658485303
24.2241932457906
23.6983028348317
18.4476179033248
22.996932971818
23.2976179033248
21.5500836567495
23.4767959855166
22.630837081407
23.2094672183933
22.664330232092
19.1046384512701
19.9952891362016
18.4944672183933
17.3634398211331
22.0073439307221
22.5262480403112
22.1200151635988
21.7655631088043
24.110837081407
23.1596042046947
18.6091932457906
20.5682685882564
17.7386795471605
15.9653918759276
17.0589877663386
21.2580973553797
26.9330973553797
21.9639877663386
24.1468644786673
16.7058370814071
20.0118644786673
22.5161110540098
21.743028862229
20.7665905060646
18.3640562594892
21.1849466704481
24.2703918759276
23.9077548896262
23.3498439307221
20.9890562594892
20.5389192731879
25.463234341681
21.7346726978454
19.7176521499002
17.2273439307221
20.2499466704481
19.1713165334618
17.0937822868865
18.5073781772975
19.8952891362016
18.6701521499002
19.2966589992153
18.6249466704482
22.7754261225029
22.0001521499002
24.2739192731879
26.4730973553797
25.7711453005851
21.5754603690783
19.3803918759276
19.7041589992153
19.900734341681
17.8238850266125
18.9240220129139
21.9607685882564
25.4006658485303
26.8377548896262
20.8544931627686
20.9253607426773
20.7253607426773
20.2218904230426
22.1224383682481
26.0968675919924
26.7727580029513
26.6461369983851
25.4168219298919
22.5924383682481
21.1663196467869
22.0720730714444
20.6662739846864
21.2958630257823
20.0339452175631
17.8713881399376
18.4758630257823
20.9784201034079
21.7438082312618
21.1784201034079
20.9418904230426
20.938328779207
22.4632602860563
22.5880091445038
22.8145844869695
22.6444931627686
22.2755433910791
23.8747214732709
23.1446758111704
24.9494246696179
23.2505205600289
21.760931518933
20.5647671353714
22.497826496102
21.0818904230426
20.621433802038
21.6160228431339
21.540931518933
23.2869132540928
24.2012054915357
21.8625753545494
23.5621187335449
23.4448127974718
19.3955433910791
19.0812511536362
18.7686027518097
19.6706118842298
19.6381004687047
19.2061369983851
18.7012054915357
19.433534258659
18.3868219298919
18.0741735280654
21.47463014907
20.1578721582024
22.2743561764672
22.6447671353714
26.7087854002115
23.5011141673348
22.3632146239558
20.9576438477001
21.3191963591156
21.2217596633913
22.1675099747238
24.3144018385677
24.4144018385677
20.8306118842298
21.046730605691
18.5787854002115
18.3820730714444
17.8326863964755
19.1312480403112
18.8787137937358
20.4746726978454
20.5981658485303
20.1371042046947
21.0039877663386
20.281727492366
20.3596042046947
21.6613165334618
21.1407685882564
22.1615562594892
19.381727492366
16.8774124238728
16.178285711544
18.4467959855166
16.2633370814071
17.2879946156536
19.0112137937358
19.2500151635988
21.0673096841468
22.1954603690783
23.3241247526399
22.628028862229
22.9316589992153
21.2562480403112
23.0104946156536
21.3128918759276
24.3411110540098
20.8175494101742
22.680528862229
23.1929603690783
21.9076521499002
21.6491247526399
20.2784398211331
19.6576863964755
19.3614535197632
19.2126179033249
17.6751863964755
17.5508028348317
16.543182971818
17.2083970129139
18.8489535197632
19.7873953005851
22.9748096841468
21.6315905060646
21.4127548896262
21.5429603690783
21.9461795471605
21.3472754375714
22.5502206430509
21.9395699581194
20.3286453005851
19.8061795471605
19.0573439307221
18.656932971818
21.3452548896262
22.9093987252427
21.9073439307221
19.4346042046947
18.8851521499002
18.2756658485303
17.1665905060646
16.6235768074345
22.6811795471605
21.905426122503
20.326727492366
17.2280973553797
19.4783713279824
23.0700494101742
23.0735425608591
16.9376179033249
20.9120699581194
21.1767617389413
21.4913165334619
22.0205631088043
19.996932971818
21.4215905060646
21.9235083142838
18.8763850266125
16.5778233827769
18.6301521499002
19.4829603690783
23.381932971818
23.9084398211331
25.3365905060646
20.9158370814071
24.4676863964756
23.8422069444208
22.3921384512701
25.721727492366
23.7687822868865
22.2899124238728
22.2858028348317
20.5326521499002
21.2054603690783
22.5291589992153
22.9782000951057
24.2272411909961
21.9276521499002
21.3426863964756
22.4310083142838
20.4422069444208
22.5547754375714
23.4047069444208
23.0552548896262
21.6299124238728
22.1316932457906
23.0560083142838
20.9817617389413
25.0297754375714
23.0275836567495
22.7272754375714
21.3272754375714
18.9773439307221
16.0533713279824
22.5555631088043
27.4115220129139
28.2131658485304
27.2776521499002
25.9400836567495
28.2667959855167
27.0689877663386
25.1688507800372
17.4087822868865
19.9261453005851
24.6026521499002
24.2800151635988
23.4079603690783
25.006932971818
23.5811110540098
26.883028862229
22.3823439307221
23.0817959855166
18.3070014649687
17.5437480403112
18.1807685882564
18.504535711544
17.9814535197632
19.506932971818
20.580631601955
20.1548096841468
20.6289192731879
26.1522754375714
23.8003576293523
22.0749466704481
22.6611795471605
25.8215562594892
22.1940220129139
22.4443644786673
19.3929261225029
22.5672411909961
21.2158713279824
23.3408713279824
24.2425836567495
24.4445014649687
23.3722754375714
24.4382685882564
23.5035083142838
22.8033028348317
23.750734341681
19.3231144786673
21.9437309170235
23.8653062594892
22.8389363964755
21.4136624238728
20.6869500951057
21.5587994101742
24.6078405060646
21.3346898211331
17.4369500951057
18.6346213279824
19.2590733827769
19.0346213279824
19.5327035197632
18.7669158485303
19.1040048896262
21.6784226978454
22.0009740677084
22.6746726978454
21.7715905060646
24.4924809170235
22.5393987252427
22.1370699581194
22.118337081407
20.4270014649687
22.928234341681
22.5287137937358
23.925631601955
21.2205631088043
24.2929603690783
21.3921384512701
21.9180973553796
25.4183028348317
24.8737137937358
25.0787822868865
25.0334398211331
25.8128918759276
23.5187137937358
22.0489192731879
19.2533028348317
21.9550151635988
21.5565562594892
20.3064192731879
23.4062137937358
22.969330232092
22.1803233827769
20.4798439307221
21.3788850266125
22.5291589992153
20.9036795471605
21.2767617389413
20.2524466704481
17.5768987252426
19.8779946156536
20.829432971818
22.4548439307221
22.6290905060646
24.0531658485303
25.6787137937358
26.303028862229
25.5755631088043
22.873028862229
24.5974809170235
23.5711795471605
24.1203576293522
26.1711795471605
27.5231658485303
27.5241932457906
24.3983028348317
24.7476179033249
19.196932971818
17.5976179033249
19.1500836567495
19.3767959855166
18.930837081407
21.6094672183933
19.464330232092
19.0046384512701
18.7952891362016
18.3944672183933
20.1634398211331
21.2073439307221
23.5262480403112
22.5200151635988
27.6655631088043
28.110837081407
22.2596042046947
16.9091932457906
19.0682685882564
21.0386795471605
25.2653918759276
21.9589877663386
20.7580973553797
18.0330973553797
20.7639877663386
21.3468644786673
23.0058370814071
20.0118644786673
19.4161110540098
21.543028862229
23.5665905060646
22.7640562594892
24.2849466704482
24.9703918759276
18.9077548896262
22.1498439307221
25.0890562594892
24.7389192731879
23.363234341681
21.8346726978454
24.1176521499002
25.9273439307221
20.3499466704482
19.1713165334618
19.4937822868865
18.3073781772975
19.0952891362016
19.3701521499002
22.0966589992153
23.1249466704482
22.4754261225029
23.0001521499002
21.6739192731879
18.5730973553797
18.0711453005851
21.2754603690783
22.8803918759276
22.8041589992153
23.900734341681
22.5238850266125
22.0240220129139
17.7607685882564
16.5006658485303
17.1877548896262
20.0544931627686
20.5253607426773
20.6253607426773
17.9218904230426
24.4224383682481
19.2968675919924
21.0727580029513
19.7961369983851
21.8168219298919
21.4924383682481
19.1663196467869
21.6720730714444
25.1662739846864
20.0958630257823
23.1839452175631
26.5713881399376
20.0758630257823
20.9784201034079
24.1438082312618
21.2784201034079
22.3418904230426
23.038328779207
18.7632602860563
20.0880091445038
21.8145844869695
25.2444931627686
22.9755433910791
20.4747214732709
23.1446758111704
23.3494246696179
20.1505205600289
20.060931518933
18.7647671353714
19.697826496102
19.7818904230426
20.621433802038
25.1160228431339
21.940931518933
21.0869132540928
21.3012054915357
21.8625753545494
25.5621187335449
26.9448127974718
29.7455433910791
29.0312511536362
28.1686027518097
21.3706118842298
17.5881004687047
16.2811369983851
16.0012054915357
19.033534258659
20.5868219298919
20.8741735280654
22.07463014907
19.8578721582024
22.5743561764672
22.9447671353714
23.4087854002115
21.3011141673348
22.9632146239558
21.3576438477001
22.2191963591156
22.0217596633913
22.7675099747238
19.9144018385677
14.8144018385677
21.9306118842298
20.246730605691
20.0787854002115
22.8820730714444
20.8326863964755
17.5312480403112
21.9787137937358
24.2746726978454
23.8981658485303
19.8371042046947
18.3039877663386
19.981727492366
20.2596042046947
21.7613165334618
20.2407685882564
22.0615562594892
22.181727492366
22.9774124238728
26.178285711544
28.9467959855166
28.6633370814071
25.7879946156536
22.9112137937358
23.3500151635988
20.5673096841468
20.0954603690783
18.2241247526399
16.828028862229
18.1316589992153
19.4562480403112
20.6104946156536
21.2128918759276
19.6411110540098
22.5175494101742
20.580528862229
21.9929603690783
21.8076521499002
21.1491247526399
21.1784398211331
22.4076863964755
22.7614535197632
19.6126179033249
16.5751863964755
15.8508028348317
19.043182971818
18.3083970129139
19.0489535197632
22.0873953005851
21.7748096841468
21.8315905060646
20.2127548896262
20.0429603690783
18.3461795471605
21.2472754375714
24.8502206430509
25.4395699581194
26.3286453005851
24.9061795471605
27.2573439307221
26.156932971818
25.8452548896262
20.2093987252427
16.2073439307221
13.6346042046947
13.0851521499002
15.4756658485303
17.4665905060646
16.2235768074345
20.0811795471605
19.005426122503
12.726727492366
16.1280973553797
22.7783713279824
27.3700494101742
22.9735425608591
23.6376179033249
29.1120699581194
31.5267617389413
31.9913165334619
27.5205631088043
25.496932971818
23.8215905060646
17.7235083142838
17.7763850266125
19.4778233827769
22.4301521499002
21.8829603690783
23.881932971818
20.4084398211331
17.3365905060646
20.0158370814071
17.0676863964756
14.6422069444208
17.2921384512701
16.321727492366
17.7687822868865
17.6899124238728
21.9858028348317
22.7326521499002
21.3054603690783
20.5291589992153
24.3782000951057
25.9272411909961
25.6276521499002
27.9426863964756
24.0310083142838
19.2422069444208
24.6547754375714
22.4047069444208
17.7552548896262
16.8299124238728
17.6316932457906
20.3560083142838
21.0817617389413
23.2297754375714
20.4275836567495
